403
231
205
362
91
171
63
337
397
5
360
69
110
326
210
193
23
14
353
341
206
30
68
374
363
289
364
303
398
396
293
152
76
153
310
216
200
122
401
6
220
197
295
159
7
233
380
315
149
146
212
196
0
175
125
60
44
77
156
325
178
138
198
176
31
305
37
264
274
357
328
350
302
118
174
250
127
192
94
90
72
377
236
227
381
313
378
297
241
112
124
339
111
165
103
308
260
345
173
354
342
266
109
58
8
400
314
59
235
121
311
10
93
9
182
194
324
320
195
170
284
329
294
317
180
369
92
347
39
130
248
348
343
221
199
184
4
301
120
392
211
270
102
50
56
234
228
224
135
330
290
181
346
189
162
48
19
71
142
276
49
215
214
372
28
340
85
81
22
21
137
230
382
144
88
62
36
65
79
96
338
304
394
225
217
384
383
84
257
95
55
253
140
366
292
151
11
213
41
283
277
263
42
262
261
245
312
35
209
356
2
386
307
143
139
368
375
371
370
358
316
256
247
385
300
33
376
202
246
157
269
164
15
218
145
238
229
393
163
3
265
275
147
167
54
108
351
46
251
322
331
323
29
141
116
244
117
161
148
154
155
20
179
271
83
190
100
98
78
226
390
82
249
129
32
113
395
38
97
186
53
344
160
365
166
389
318
237
150
203
86
101
201
89
119
52
40
352
105
391
258
43
99
67
114
183
17
12
239
80
188
299
298
291
379
158
1
361
51
259
126
334
64
25
104
349
73
222
185
332
296
169
27
232
336
321
204
132
243
208
172
26
252
191
187
254
223
319
177
131
355
168
402
287
272
278
57
128
255
268
16
47
280
279
134
306
309
367
75
133
333
267
327
335
24
13
288
286
74
115
66
273
281
387
34
87
136
240
219
285
282
107
61
106
359
123
399
18
388
373
242
70
207
45
231
