403
185
254
282
327
137
54
301
120
392
351
395
87
56
92
146
381
91
367
59
40
352
124
269
167
36
211
151
101
155
143
218
384
383
34
139
4
126
55
158
339
186
53
73
179
334
125
60
98
388
162
48
2
61
107
386
302
118
79
93
163
25
375
191
64
15
248
348
343
244
80
213
278
337
58
8
29
133
102
285
223
216
200
198
140
11
131
110
194
324
144
265
326
258
90
72
297
364
303
71
262
261
286
74
305
296
385
67
189
78
382
288
237
85
159
7
340
241
280
279
361
347
263
166
199
295
312
260
123
192
66
273
317
127
399
398
396
42
32
274
387
145
283
277
39
252
371
350
142
188
173
214
169
10
402
287
293
172
26
304
35
108
256
207
45
246
183
17
12
360
353
341
264
328
272
28
82
247
249
314
75
141
116
221
300
206
30
190
138
377
176
156
390
240
219
47
112
391
210
109
275
147
104
9
50
268
16
251
121
106
165
230
226
154
95
271
257
152
310
344
201
89
397
5
128
161
148
325
105
19
266
220
197
88
62
13
205
362
23
14
69
366
321
379
316
255
171
63
122
401
354
342
224
373
355
168
175
193
311
27
180
359
130
24
335
150
84
281
182
99
389
187
134
243
202
178
100
44
81
22
21
164
3
97
181
346
114
96
338
132
320
157
1
136
195
330
232
160
365
245
318
149
51
259
372
41
170
284
290
43
349
6
135
270
111
369
129
65
234
228
18
236
227
212
308
394
225
103
276
298
291
289
209
356
208
332
37
242
117
336
292
329
294
357
358
231
306
115
94
313
378
57
239
70
238
229
393
374
363
204
184
235
113
46
331
323
52
119
319
174
250
307
20
38
217
203
233
380
315
177
196
0
333
267
370
322
83
345
299
49
215
400
86
368
253
33
376
68
153
76
77
31
309
222
185
