403
392
120
116
235
121
391
325
193
123
399
198
304
394
225
103
385
199
126
55
222
250
108
255
397
260
208
135
280
12
220
389
237
102
188
173
52
119
354
200
398
396
272
363
362
196
0
221
300
134
288
95
334
366
321
204
140
402
287
46
311
10
387
9
50
158
339
32
113
357
322
107
61
293
234
228
71
109
42
302
89
24
13
243
373
355
73
104
84
327
246
180
165
251
274
350
314
310
400
127
38
345
299
298
291
289
375
371
370
328
257
23
393
88
62
124
269
171
63
377
58
277
341
128
244
80
252
191
187
190
100
44
175
105
19
266
93
374
278
57
231
205
315
157
1
186
53
344
307
7
202
184
268
16
183
17
279
248
201
118
40
39
86
101
336
292
290
172
26
236
227
320
360
353
352
286
273
195
364
303
337
361
51
49
215
319
217
145
230
226
154
318
368
155
143
265
275
147
169
27
149
146
212
182
316
351
83
99
197
333
267
317
65
242
117
238
229
14
69
178
138
122
401
214
192
338
213
356
2
386
47
330
343
218
203
301
256
249
137
54
82
247
283
8
216
342
297
367
59
161
148
210
79
96
66
74
115
94
106
359
90
72
18
125
60
98
142
285
282
97
92
347
263
313
20
308
5
174
185
240
219
332
37
179
271
262
261
167
36
166
67
114
194
380
379
388
348
329
294
281
78
382
381
130
91
241
112
43
384
383
34
164
15
162
48
152
76
176
31
168
77
156
258
160
365
68
133
372
41
206
30
245
239
70
207
45
64
3
254
223
6
211
270
170
284
312
35
264
358
395
150
349
305
296
295
159
378
224
232
110
326
390
151
11
340
136
111
369
129
81
22
21
131
335
87
56
163
25
139
4
253
33
376
209
28
85
276
259
153
75
331
323
309
132
306
29
181
346
189
177
233
324
144
141
392
