34;7104
102;7070
119;7036
153;7034
187;7020
204;6905
237;6826
339;6782
356;6777
443;6768
459;6699
477;6683
562;6650
580;6635
596;6634
665;6563
682;6512
751;6493
888;6489
938;6475
955;6463
971;6398
1038;6378
1104;6336
1138;6331
1223;6327
1240;6317
1273;6284
1307;6276
1324;6253
1341;6196
1479;6132
1497;6128
1513;6125
1547;6059
1598;6030
1615;6009
1633;5993
1649;5976
1732;5949
1766;5942
1783;5929
1799;5916
1850;5849
1900;5846
1983;5792
1999;5771
2136;5744
2152;5743
2184;5736
2200;5700
2233;5687
2249;5664
2266;5663
2299;5649
2381;5637
2398;5610
2450;5590
2483;5560
2534;5554
2551;5551
2567;5494
2713;5465
2778;5464
2810;5430
2930;5422
2947;5411
2979;5376
3012;5349
3045;5343
3094;5341
3126;5315
3244;5304
3277;5284
3310;5241
3325;5218
3395;5213
3529;5202
3563;5200
3580;5149
3645;5145
3680;5129
3731;5122
3780;5102
3878;5099
3894;5078
3985;5074
4001;5064
4050;5059
4066;5054
4084;5046
4103;5008
4205;4980
4222;4976
4238;4967
4272;4956
4305;4955
4322;4953
4355;4938
4421;4931
4473;4920
4490;4904
4610;4899
4645;4894
4760;4880
4776;4860
4938;4852
4972;4834
4988;4830
5140;4792
5188;4787
5321;4771
5391;4757
5426;4753
5460;4744
5509;4725
5609;4717
5625;4712
5782;4697
5815;4692
5848;4680
5898;4679
5966;4668
6049;4658
6114;4654
6148;4643
6165;4627
6280;4624
6314;4586
6594;4571
6794;4556
6811;4547
7009;4541
7075;4531
7278;4528
7295;4517
7377;4503
7410;4498
7622;4494
7671;4488
7688;4466
7933;4462
7999;4440
8114;4430
8163;4429
8231;4423
8297;4415
8385;4412
8451;4401
8554;4399
8605;4368
8835;4363
8902;4362
8935;4358
9001;4357
9069;4345
9085;4331
9166;4325
9293;4317
9325;4308
9341;4294
9437;4292
9470;4282
9486;4277
9631;4274
9662;4264
9694;4262
9726;4252
9930;4243
9997;4239
10067;4232
10115;4224
10280;4221
10364;4211
10450;4206
10535;4204
10554;4201
10573;4188
10607;4177
10795;4176
10845;4166
10862;4162
10881;4155
10982;4151
11101;4150
11117;4147
11183;4137
11346;4132
11433;4127
11485;4118
11518;4114
11552;4113
11784;4112
11850;4103
11936;4095
12131;4088
12163;4087
12213;4082
12364;4077
12396;4066
12559;4055
12738;4041
12755;4038
12789;4036
13083;4033
13117;4026
13218;4022
13315;4021
13333;4018
13450;4012
13500;3991
13583;3989
13650;3977
14039;3973
14140;3972
14206;3963
14222;3957
14351;3956
14366;3954
14414;3953
14462;3951
14494;3942
14541;3935
14722;3933
14738;3929
14801;3928
14849;3927
14898;3919
14915;3916
14980;3906
15150;3905
15200;3900
15282;3898
15314;3891
15331;3884
15531;3881
15631;3879
15697;3877
15747;3874
15779;3868
15907;3862
15972;3859
16026;3855
16060;3850
16111;3848
16162;3847
16179;3843
16281;3830
16415;3827
16501;3825
16519;3811
16603;3803
16836;3802
16871;3797
16888;3796
16905;3791
16990;3784
17072;3781
17140;3780
17224;3777
17292;3774
17328;3773
17394;3772
17443;3766
17459;3763
17575;3758
17681;3749
17829;3741
17846;3739
18026;3730
18281;3723
18417;3722
18507;3718
18541;3716
18575;3712
18751;3711
18768;3706
18804;3705
18837;3704
18872;3697
18939;3696
18988;3694
19121;3687
19154;3683
19355;3682
19406;3676
19583;3675
19617;3674
19653;3673
19761;3671
19794;3670
19828;3669
19844;3667
19910;3666
19943;3663
19976;3662
20058;3653
20125;3644
20175;3638
20358;3634
20492;3633
20508;3628
20525;3627
20558;3626
20690;3616
20723;3611
20839;3607
20955;3605
20990;3604
21090;3603
21124;3602
21141;3599
21174;3583
21493;3580
21577;3578
21712;3576
21762;3574
21811;3563
21860;3562
21878;3558
21978;3554
22211;3541
22460;3535
22597;3533
22633;3532
22836;3528
22852;3524
22951;3523
23033;3522
23082;3519
23099;3518
23150;3515
23320;3512
23339;3511
23407;3510
23424;3509
23536;3503
23598;3500
23690;3496
23707;3493
23724;3491
23843;3488
23944;3485
24028;3475
24211;3462
24376;3456
24425;3453
24537;3445
24602;3444
24635;3443
24703;3441
24720;3438
24784;3436
24833;3435
24849;3430
24899;3429
25001;3427
25073;3424
25126;3419
25319;3417
25371;3410
25516;3405
25639;3402
25756;3401
25790;3399
25857;3398
25873;3395
25906;3393
26051;3385
26286;3382
26303;3380
26417;3378
26451;3371
26633;3367
26666;3359
26815;3358
26864;3356
26929;3350
27205;3349
27222;3343
27372;3342
27503;3340
27585;3338
27602;3336
27787;3329
27821;3322
28036;3320
28186;3315
28385;3313
28404;3309
28422;3308
28522;3304
28743;3297
28841;3294
28890;3285
29101;3278
29370;3274
29386;3272
29403;3271
29453;3270
29490;3267
29558;3265
29606;3262
29655;3256
29863;3254
29880;3252
30140;3250
30255;3249
30303;3246
30435;3245
30516;3241
30532;3240
30633;3239
30857;3229
31166;3228
31216;3227
31265;3226
31314;3224
31363;3221
31427;3220
31459;3216
31492;3212
31764;3208
31979;3203
32032;3197
32151;3194
32355;3193
32423;3191
32439;3186
32609;3183
32690;3181
32706;3175
33057;3172
33074;3170
33208;3164
33561;3162
33644;3157
33759;3155
33940;3154
34005;3152
34137;3144
34491;3142
34696;3141
34880;3140
35046;3137
35079;3136
35265;3134
35462;3132
35528;3131
35695;3121
35944;3119
36225;3115
36440;3110
36519;3108
36650;3105
36683;3102
36926;3100
37138;3099
37239;3097
37288;3094
37353;3092
37403;3089
37694;3085
38066;3083
38099;3080
38412;3079
38499;3076
38655;3074
38770;3069
39071;3067
39120;3064
39483;3063
39700;3062
39750;3059
39950;3056
39966;3052
40079;3049
40372;3047
40405;3045
40438;3042
40536;3040
40686;3038
40820;3034
40869;3033
40936;3031
41102;3029
41183;3025
41217;3021
41672;3015
41859;3012
41927;3006
42168;3004
42352;2998
42469;2996
42519;2995
42682;2990
42716;2987
42846;2983
43031;2982
43128;2979
43228;2978
43296;2976
43471;2970
43818;2964
44034;2963
44053;2960
44188;2957
44271;2956
44388;2953
44556;2951
44837;2948
44968;2947
44984;2944
45066;2943
45134;2942
45167;2941
45356;2938
45527;2935
45577;2934
45678;2932
45727;2930
45744;2920
45862;2917
46115;2915
46456;2914
46505;2913
46767;2912
46889;2905
47173;2904
47207;2902
47223;2896
47440;2895
47522;2894
47752;2893
47836;2891
47938;2890
48022;2886
48123;2885
48205;2884
48287;2882
48425;2881
48474;2880
48610;2879
48627;2877
48741;2874
48774;2872
48822;2870
48838;2868
48854;2865
49160;2864
49330;2863
49831;2861
50003;2860
50135;2859
50201;2856
50413;2855
50461;2851
50733;2847
50976;2846
51026;2837
51178;2836
51314;2833
51464;2831
51593;2830
51662;2829
51763;2824
52117;2822
52504;2821
52743;2817
53253;2816
53366;2812
53481;2811
53679;2806
54224;2805
54388;2803
54452;2800
54676;2792
55634;2791
55878;2786
56199;2785
56230;2784
56520;2783
56552;2782
56686;2781
56702;2774
56933;2772
57437;2771
57711;2768
57955;2767
58292;2766
58503;2764
59099;2763
59272;2761
59829;2760
59876;2755
60130;2750
60304;2743
60439;2741
60650;2740
60828;2737
61068;2736
61083;2731
61164;2730
61338;2729
61496;2728
61842;2725
62487;2723
62504;2722
62652;2721
62832;2720
62913;2719
62961;2713
62978;2712
63289;2709
63537;2706
64266;2704
64397;2703
64651;2701
64732;2700
64765;2697
65050;2695
65321;2693
65416;2689
65926;2688
66340;2687
67249;2686
67491;2683
68025;2682
68284;2677
68639;2671
68877;2670
68958;2662
70871;2660
71909;2659
72353;2658
73142;2657
73175;2656
74886;2655
75412;2654
76061;2653
76577;2649
76908;2645
77149;2644
77428;2642
78007;2640
78056;2639
78381;2636
78618;2635
78697;2627
79204;2620
79552;2619
79923;2612
80148;2611
80469;2610
82585;2609
82666;2608
82760;2607
83730;2606
84259;2605
84436;2603
84563;2602
84942;2599
85082;2598
85114;2597
85461;2596
88056;2590
90251;2588
90725;2585
90906;2583
91669;2582
95311;2580
95766;2576
97379;2575
99524;2574
100897;2570
101431;2567
101512;2566
102570;2563
102987;2562
107719;2557
108340;2551
108513;2549
108907;2548
110344;2547
113294;2542
114274;2541
114383;2539
114609;2538
115227;2536
116349;2534
117080;2532
117179;2530
134142;2529
144176;2528
167465;2526
179784;2522
206275;2521
215704;2513
267771;2511
274570;2510
276443;2509
297614;2508
297835;2507
331682;2504
356601;2502
