171
151
152
142
141
134
131
113
115
116
117
118
119
120
102
103
163
99
100
101
123
162
122
121
124
128
130
132
111
3
9
10
76
74
75
11
12
18
19
20
158
32
36
157
33
31
41
155
156
39
38
35
34
40
45
47
48
51
59
68
67
167
70
87
85
84
69
86
93
166
107
106
105
97
104
114
164
135
136
137
138
139
140
6
7
8
14
13
29
30
28
27
26
22
23
24
15
159
16
17
21
37
170
168
72
71
60
63
64
56
42
44
46
52
53
43
55
54
58
57
62
61
66
65
88
153
92
91
154
89
90
98
95
94
96
165
110
109
108
83
50
49
73
77
78
82
79
80
81
0
1
2
4
5
133
169
112
127
126
125
129
146
145
144
143
147
148
149
25
150
161
160
151
