171
141
6
7
8
9
10
76
74
75
11
12
18
19
20
22
23
24
25
26
27
28
30
31
35
157
33
34
156
155
41
42
45
46
47
49
170
168
72
78
82
79
80
81
0
111
110
109
107
106
105
98
95
91
154
89
90
87
85
83
84
71
60
50
51
52
53
43
55
54
58
59
68
167
70
69
67
63
64
56
57
62
61
66
65
88
153
86
108
166
93
92
94
96
97
165
163
99
100
101
123
162
102
103
104
114
113
164
127
126
125
129
146
145
144
143
147
148
149
150
161
160
142
152
151
14
15
159
13
17
29
16
21
32
158
36
37
38
39
40
44
48
73
77
1
2
3
4
5
133
134
131
132
169
112
115
116
117
118
119
120
121
122
124
137
136
128
130
135
138
139
140
141
