171
147
148
136
137
138
135
139
140
141
6
142
152
151
14
13
17
158
32
22
23
24
15
159
16
21
29
30
28
27
26
25
150
149
161
160
7
8
9
0
81
80
79
82
72
73
74
75
11
10
76
12
18
19
20
37
39
38
35
36
157
31
33
34
156
40
155
41
42
45
44
52
43
55
58
57
62
61
66
63
65
64
56
54
53
46
47
48
51
59
60
68
67
69
167
70
92
91
154
89
90
88
153
87
85
86
93
166
107
106
165
104
105
98
95
94
96
97
163
99
101
100
102
103
114
110
109
108
83
84
71
50
49
170
168
78
77
1
2
3
4
5
169
111
112
132
133
134
115
116
117
118
119
121
122
123
162
120
124
129
128
130
131
113
164
127
126
125
146
145
144
143
147
