171
84
71
68
67
69
167
70
92
91
154
89
90
94
100
101
123
162
102
103
163
99
98
95
96
165
114
110
109
107
106
105
97
104
115
116
117
118
119
120
122
121
124
137
136
128
130
135
138
139
140
141
6
7
8
9
10
76
74
75
11
12
18
19
20
158
32
36
157
33
155
41
42
55
54
53
46
48
51
59
60
50
49
170
168
72
73
0
81
80
79
82
78
77
1
2
3
4
5
169
111
112
132
133
134
131
113
164
127
126
125
129
146
145
144
143
147
148
149
161
152
142
151
15
159
16
17
21
22
23
24
25
150
160
14
13
29
26
27
28
30
31
34
35
156
39
38
37
40
45
44
47
52
43
58
62
63
64
56
57
61
66
65
88
153
87
85
86
93
166
108
83
84
