171
170
73
74
75
11
10
76
12
18
19
20
38
39
40
156
34
35
31
30
28
27
26
23
24
25
150
161
160
149
148
144
143
142
152
151
13
32
158
36
157
33
155
41
42
58
57
62
61
68
65
88
86
93
92
91
154
90
89
153
87
85
84
69
67
167
70
66
63
64
56
55
54
53
43
44
45
52
46
47
48
51
59
60
168
72
78
82
79
80
81
0
112
132
110
109
166
108
83
71
50
49
77
1
2
3
4
9
5
133
169
111
107
106
105
98
95
94
96
97
165
104
114
113
115
116
118
163
99
100
101
123
162
102
103
117
119
120
122
121
124
129
128
130
131
164
127
126
125
146
145
147
137
136
135
138
139
140
141
134
6
7
8
14
15
159
16
17
21
29
22
37
170
