171
46
170
135
138
129
124
122
162
83
168
78
72
38
39
40
45
47
112
113
115
108
65
54
53
25
160
7
2
120
163
95
94
93
166
107
106
165
114
164
130
116
117
102
103
127
126
118
119
8
159
22
23
27
26
151
131
104
105
97
98
90
88
86
16
17
21
41
155
1
132
111
3
4
9
61
57
62
66
63
64
56
55
58
51
59
50
52
48
49
0
125
146
145
137
136
147
128
68
67
167
70
96
99
100
101
123
121
6
14
13
18
19
32
24
148
139
141
143
144
140
10
76
75
11
12
82
79
80
81
77
73
74
20
37
5
169
84
69
85
71
60
29
28
30
31
158
36
110
109
92
91
87
15
150
149
161
152
142
134
133
154
89
153
43
44
156
34
35
157
33
42
46
