171
75
19
20
22
16
17
29
26
27
28
30
31
32
158
36
157
33
35
34
42
41
155
156
38
39
40
45
44
46
47
48
49
170
168
72
78
82
79
80
81
0
111
112
132
169
3
4
5
133
134
131
113
164
127
126
125
129
136
128
130
115
116
117
118
119
120
102
103
163
98
95
91
154
90
89
88
153
87
86
166
107
106
105
97
165
104
114
110
109
108
83
84
71
60
50
51
52
53
43
55
54
58
59
66
63
65
64
56
57
62
61
68
67
167
70
69
85
93
92
94
96
99
100
101
162
123
122
121
124
146
145
144
143
147
148
137
135
138
139
140
6
14
15
159
13
21
23
24
25
150
149
161
160
151
152
142
141
7
8
9
2
1
77
73
74
10
76
11
12
18
37
75
