171
170
1
0
81
80
79
82
78
2
3
4
5
169
111
110
109
107
106
105
98
95
92
166
108
83
84
167
70
69
65
88
153
87
85
86
93
91
154
89
90
94
96
165
114
113
164
127
126
125
129
136
137
135
138
139
140
141
7
14
151
152
142
6
8
9
10
76
74
75
11
12
13
21
32
158
36
157
33
31
34
35
156
38
39
40
155
41
42
45
44
47
51
52
53
43
54
58
59
50
73
77
112
132
133
134
131
116
118
102
103
117
119
124
128
130
115
104
97
163
99
100
101
123
162
122
120
121
146
145
144
143
147
148
149
161
160
150
25
26
22
29
30
28
27
23
24
15
159
16
17
18
19
20
37
49
168
72
71
60
61
68
67
66
64
57
62
63
56
55
46
48
170
