171
99
103
100
101
90
87
84
71
60
74
28
27
29
21
32
158
36
33
42
54
58
62
63
53
47
39
15
159
16
20
75
12
18
23
150
152
142
132
133
111
4
5
127
125
124
129
128
166
108
83
26
25
160
107
105
97
113
130
8
9
11
10
76
112
116
117
162
123
122
138
135
148
149
161
151
19
37
44
45
51
69
85
121
146
147
137
136
118
102
66
65
88
91
165
114
126
145
144
134
131
115
119
120
163
153
86
93
92
94
104
139
7
52
48
68
67
38
35
157
41
155
34
156
40
43
55
167
70
154
89
98
95
96
164
13
17
22
24
143
140
141
6
14
30
31
46
49
168
72
77
78
82
79
80
81
0
2
1
170
50
59
64
56
57
61
73
3
169
110
109
106
99
