171
115
117
119
124
161
160
14
18
37
39
38
35
34
156
45
55
58
60
130
135
139
140
141
9
10
74
11
76
19
167
70
69
56
57
68
67
50
5
169
170
157
33
42
54
62
63
64
153
84
72
78
133
134
131
116
120
122
121
6
7
8
2
111
104
113
125
128
132
79
82
40
46
47
48
59
61
66
65
162
123
95
96
165
83
51
43
44
52
53
77
152
151
158
36
155
41
31
32
110
109
107
105
114
92
94
97
98
154
89
88
108
166
93
87
85
71
49
73
1
0
81
3
4
106
101
100
102
129
137
138
142
143
144
164
127
126
148
149
25
23
26
27
28
30
29
15
159
16
22
24
150
136
146
145
147
118
103
163
99
90
91
86
75
12
13
17
21
20
168
80
112
115
