171
117
118
109
106
105
138
139
140
6
8
73
45
43
55
50
77
119
121
120
163
95
85
35
157
32
158
36
112
126
130
131
83
167
87
100
102
113
164
127
125
103
98
89
65
56
64
54
58
59
61
67
66
88
153
86
49
34
33
31
30
22
24
15
16
18
21
41
42
70
92
154
90
91
94
93
166
71
60
46
47
39
156
155
27
150
149
147
137
134
13
23
26
25
160
142
141
104
114
107
99
162
124
129
159
17
37
11
12
19
20
68
69
63
57
62
96
165
146
145
144
143
152
151
7
9
2
1
78
5
133
111
132
0
3
4
169
110
108
84
170
168
72
97
101
123
122
128
135
136
148
161
14
29
28
40
44
48
51
52
53
38
10
76
74
75
82
79
80
81
115
116
117
