403
383
349
400
220
197
164
25
106
359
246
65
385
199
239
117
238
229
14
181
200
224
134
288
345
173
309
221
300
38
391
390
169
27
193
150
203
307
20
119
115
189
131
355
168
388
308
394
225
402
287
370
322
159
368
68
170
284
235
121
47
330
343
163
3
79
353
352
167
54
132
306
216
342
71
331
323
73
251
113
395
312
26
253
186
53
6
254
223
214
183
17
12
218
313
378
297
248
348
290
211
270
262
261
182
140
101
109
176
31
354
346
94
130
86
76
178
100
98
372
28
102
105
19
122
401
319
206
30
245
43
84
327
304
260
141
392
351
107
61
42
202
301
255
64
15
172
35
24
36
81
22
21
93
145
171
63
57
207
45
50
56
92
347
39
155
7
153
143
268
16
91
33
376
128
213
41
95
271
281
232
152
310
52
40
263
97
276
298
291
362
162
48
2
386
136
58
8
305
299
259
85
302
118
222
250
190
138
18
149
51
49
37
335
360
96
66
74
344
129
230
226
147
82
249
367
75
160
365
285
282
83
87
240
205
289
314
59
32
328
257
264
274
373
201
89
283
277
341
124
269
90
72
198
99
389
242
70
142
174
185
110
326
210
286
273
293
166
67
114
62
13
219
188
296
23
393
161
148
325
237
78
382
381
179
334
158
1
139
234
228
377
88
69
387
34
295
236
227
212
180
165
194
324
144
135
280
279
123
399
337
151
11
340
209
278
398
396
317
265
275
258
318
333
267
350
175
177
196
0
366
321
379
184
4
244
80
137
361
146
320
375
191
187
133
231
243
111
369
364
303
266
217
9
397
5
108
256
247
157
339
208
125
60
44
374
363
204
332
215
29
233
380
315
127
192
338
311
55
336
292
329
294
357
358
272
356
126
10
77
156
154
103
195
316
120
116
252
371
46
241
112
104
384
383
