403
331
323
305
215
354
342
266
239
70
372
278
398
396
175
318
174
250
152
76
340
42
126
10
182
307
20
180
165
238
229
225
139
4
176
31
73
361
347
263
252
191
201
118
177
33
376
68
209
41
82
247
128
255
222
185
230
382
320
208
184
137
36
207
45
170
284
290
95
271
213
356
316
351
107
61
257
102
88
78
226
390
129
181
200
224
87
56
236
227
212
335
24
54
23
393
304
394
14
69
245
190
138
71
233
324
144
231
288
373
158
339
218
145
103
106
359
161
148
147
402
287
395
232
206
30
64
25
111
369
99
389
187
127
192
66
74
115
114
353
39
237
132
306
214
90
72
337
110
166
300
401
6
367
368
183
17
12
157
269
109
275
210
142
366
321
362
302
89
77
156
258
234
228
57
123
399
297
108
120
392
150
9
285
282
46
244
80
388
164
365
268
16
328
317
254
223
319
385
199
186
53
216
346
338
264
113
357
358
83
283
8
309
65
235
121
153
75
253
97
276
298
291
289
313
378
122
119
29
162
48
104
92
51
49
37
13
243
32
274
281
155
143
241
217
384
383
349
168
81
22
21
179
334
79
96
189
221
67
94
314
59
286
60
98
196
0
130
248
348
343
211
86
310
52
40
352
167
105
19
18
43
84
272
28
141
116
151
101
242
117
265
326
325
336
292
251
330
329
294
327
38
375
371
370
322
350
160
15
193
178
100
44
159
7
124
1
202
195
280
279
360
62
301
256
249
93
203
311
55
397
5
149
146
381
163
3
47
112
240
219
2
386
391
154
246
345
173
400
131
355
344
308
260
134
205
315
194
380
379
91
262
261
172
26
374
363
204
387
34
50
136
364
303
377
58
277
341
188
299
259
171
63
198
133
85
220
197
295
312
35
135
270
140
11
125
273
169
27
332
296
333
267
293
331
