6;7291
13;7266
17;7202
21;7099
24;7080
34;7026
46;7010
50;6970
53;6880
70;6855
73;6788
93;6787
96;6782
99;6739
106;6716
110;6699
116;6658
119;6617
133;6593
142;6565
152;6503
159;6475
168;6471
178;6380
204;6359
210;6316
217;6242
223;6241
238;6202
241;6182
252;6179
256;6147
266;6092
269;6086
279;6065
289;6039
292;6027
302;6026
305;5953
315;5939
325;5892
328;5879
337;5871
344;5868
347;5865
351;5845
354;5806
364;5753
373;5741
399;5739
402;5735
405;5714
409;5690
418;5649
440;5624
450;5597
459;5594
463;5593
466;5565
470;5564
479;5532
486;5511
492;5497
499;5409
502;5388
512;5387
523;5381
529;5377
536;5365
539;5351
548;5322
561;5314
565;5300
575;5281
578;5279
590;5275
593;5272
600;5266
604;5255
611;5254
618;5236
625;5231
629;5226
639;5208
645;5207
648;5197
651;5169
664;5140
671;5129
680;5120
686;5107
696;5097
699;5092
702;5055
712;5041
725;5029
740;5015
756;4985
769;4970
788;4962
795;4937
808;4935
820;4905
836;4903
839;4900
872;4899
875;4894
878;4893
881;4890
897;4889
900;4887
904;4885
907;4884
910;4867
932;4860
947;4850
950;4834
957;4823
960;4822
964;4812
982;4798
1013;4797
1016;4761
1038;4753
1048;4749
1058;4746
1067;4744
1077;4736
1080;4728
1087;4716
1121;4714
1124;4709
1127;4702
1134;4691
1137;4685
1147;4678
1153;4675
1166;4663
1179;4658
1182;4651
1185;4631
1221;4628
1224;4619
1237;4615
1241;4602
1273;4600
1292;4588
1295;4587
1299;4583
1302;4579
1305;4572
1315;4571
1338;4563
1351;4552
1359;4537
1393;4523
1412;4513
1440;4512
1447;4510
1463;4509
1466;4506
1478;4495
1488;4494
1503;4477
1509;4474
1513;4469
1526;4465
1542;4460
1545;4458
1558;4453
1561;4449
1574;4448
1577;4444
1584;4436
1605;4435
1618;4425
1628;4423
1631;4421
1637;4412
1640;4406
1647;4394
1669;4392
1672;4390
1687;4380
1712;4373
1715;4368
1719;4353
1754;4350
1772;4348
1779;4343
1783;4340
1799;4329
1814;4327
1821;4308
1835;4304
1876;4299
1883;4295
1890;4292
1915;4288
1926;4286
1929;4273
1956;4271
1969;4265
1972;4260
1981;4258
1994;4252
2021;4249
2036;4241
2046;4239
2055;4236
2065;4232
2077;4230
2096;4224
2102;4207
2129;4200
2143;4197
2146;4190
2153;4185
2172;4179
2175;4171
2191;4167
2194;4154
2201;4150
2229;4149
2232;4146
2235;4143
2245;4140
2248;4138
2258;4135
2270;4130
2286;4127
2289;4124
2299;4123
2302;4122
2308;4115
2320;4108
2330;4107
2333;4100
2349;4098
2355;4097
2368;4096
2371;4094
2381;4090
2413;4086
2416;4077
2451;4071
2454;4059
2484;4056
2514;4047
2548;4039
2573;4033
2592;4032
2595;4030
2611;4028
2626;4023
2655;4022
2667;4021
2673;4020
2676;4017
2679;4015
2686;4013
2695;4011
2704;4010
2708;4005
2714;4003
2723;3998
2755;3995
2758;3992
2765;3991
2780;3988
2786;3985
2796;3984
2806;3976
2824;3970
2834;3966
2847;3957
2875;3952
2891;3950
2900;3943
2907;3939
2936;3938
2945;3935
2964;3933
2973;3929
2992;3928
3001;3927
3008;3920
3011;3916
3036;3908
3063;3904
3066;3900
3073;3892
3109;3891
3115;3889
3129;3883
3171;3879
3187;3875
3202;3870
3221;3866
3235;3861
3255;3859
3258;3858
3262;3850
3278;3845
3288;3838
3316;3835
3322;3833
3338;3831
3347;3826
3386;3822
3402;3818
3411;3817
3424;3816
3430;3812
3436;3811
3439;3806
3446;3803
3462;3802
3484;3797
3503;3796
3513;3795
3522;3792
3531;3789
3538;3784
3563;3783
3579;3777
3594;3776
3607;3770
3619;3769
3632;3767
3642;3764
3645;3762
3667;3759
3673;3758
3699;3745
3742;3744
3760;3739
3774;3735
3777;3727
3809;3726
3818;3719
3843;3714
3846;3712
3877;3709
3887;3703
3899;3701
3918;3699
3934;3694
3945;3689
3974;3678
3984;3676
4009;3671
4023;3670
4038;3667
4067;3666
4074;3661
4082;3660
4089;3657
4101;3651
4120;3649
4137;3647
4141;3646
4173;3639
4186;3634
4239;3628
4250;3627
4253;3626
4266;3621
4275;3615
4300;3613
4306;3611
4318;3602
4359;3601
4391;3599
4397;3598
4403;3591
4424;3587
4450;3584
4462;3582
4468;3579
4481;3578
4519;3577
4534;3573
4541;3571
4560;3568
4563;3566
4566;3565
4602;3563
4609;3562
4612;3561
4621;3560
4630;3557
4637;3555
4665;3552
4693;3549
4700;3538
4743;3537
4746;3536
4753;3534
4762;3532
4765;3527
4793;3524
4821;3516
4842;3512
4878;3503
4897;3501
4906;3493
4938;3488
4953;3487
4959;3483
4966;3482
4972;3478
4984;3474
5018;3472
5021;3463
5066;3462
5072;3461
5092;3458
5095;3457
5125;3452
5146;3446
5164;3442
5174;3439
5195;3438
5202;3431
5224;3429
5234;3426
5247;3425
5251;3423
5258;3414
5308;3413
5326;3411
5355;3410
5376;3403
5395;3400
5442;3391
5455;3390
5486;3389
5502;3388
5510;3387
5526;3386
5558;3382
5575;3376
5594;3371
5631;3370
5659;3362
5671;3359
5697;3354
5762;3351
5768;3350
5772;3349
5781;3346
5791;3337
5851;3336
5863;3333
5885;3332
5891;3329
5920;3328
5923;3327
5929;3322
5945;3319
5954;3318
5963;3312
5996;3309
6002;3308
6015;3301
6039;3300
6049;3299
6052;3298
6067;3290
6086;3285
6089;3281
6111;3276
6142;3275
6148;3272
6154;3270
6164;3267
6197;3266
6203;3262
6222;3261
6247;3256
6250;3255
6266;3253
6269;3251
6273;3249
6295;3245
6301;3243
6345;3242
6364;3241
6374;3239
6384;3233
6409;3230
6434;3222
6453;3215
6463;3212
6478;3211
6520;3207
6523;3205
6527;3204
6560;3203
6573;3202
6595;3199
6654;3198
6664;3194
6670;3192
6706;3189
6733;3187
6736;3186
6752;3184
6755;3180
6762;3179
6771;3178
6796;3177
6820;3175
6875;3174
6881;3173
6906;3171
6967;3168
6976;3164
7014;3159
7036;3156
7039;3153
7141;3151
7147;3149
7182;3144
7197;3141
7244;3134
7291;3132
7313;3131
7319;3128
7351;3127
7369;3120
7413;3117
7455;3116
7472;3106
7510;3103
7531;3100
7547;3099
7556;3098
7563;3095
7596;3088
7624;3086
7633;3081
7664;3075
7689;3074
7699;3069
7746;3068
7753;3066
7763;3061
7773;3057
7798;3056
7801;3055
7811;3054
7821;3052
7846;3051
7889;3049
7910;3048
7926;3044
7938;3042
7967;3036
8007;3033
8042;3031
8065;3026
8086;3023
8137;3020
8208;3019
8304;3013
8367;3010
8417;3005
8430;3002
8480;3001
8511;2999
8650;2991
8746;2990
8762;2988
8781;2986
8805;2982
8870;2981
8926;2980
8975;2979
9043;2973
9064;2972
9077;2966
9149;2965
9161;2964
9174;2959
9226;2955
9275;2949
9318;2948
9476;2947
9610;2937
9688;2936
9691;2935
9730;2934
9733;2931
9759;2930
9768;2929
9790;2928
9829;2921
9895;2915
9936;2911
10128;2909
10215;2907
10243;2905
10400;2900
10462;2899
10516;2898
10547;2897
10646;2896
10792;2893
10835;2891
10873;2888
10912;2886
11008;2885
11085;2884
11342;2883
11418;2881
11455;2873
11518;2870
11539;2869
11690;2858
12026;2855
12139;2854
12146;2848
12174;2845
12228;2844
12260;2843
12293;2834
12383;2828
12516;2827
12563;2817
12639;2816
12701;2814
12785;2812
12804;2811
12870;2808
13182;2807
13310;2798
13395;2795
13469;2793
14091;2790
14151;2778
14174;2776
14197;2771
14349;2768
14386;2767
14441;2764
14575;2763
15297;2762
15332;2761
15379;2760
15451;2756
15545;2751
15610;2746
15798;2745
15920;2737
16338;2733
16619;2732
17113;2731
17197;2725
17455;2719
17469;2717
18453;2712
18479;2711
18792;2705
18945;2704
19207;2703
19345;2694
19693;2686
19928;2675
20343;2669
21207;2668
21912;2664
22013;2659
22048;2657
22054;2655
22273;2651
22308;2649
22323;2647
23339;2646
23402;2638
23437;2632
24424;2631
25153;2626
25203;2625
25232;2620
25414;2618
26109;2614
26143;2613
26179;2612
26183;2611
26232;2610
26269;2609
26291;2608
26710;2606
27708;2598
27888;2597
30021;2596
30106;2595
30143;2594
30277;2592
30472;2591
30788;2586
31060;2585
37570;2574
37974;2573
40460;2571
44742;2569
48476;2568
51865;2567
67164;2565
78557;2562
83774;2555
84637;2553
85992;2552
86117;2551
88526;2549
116422;2545
118479;2543
119490;2542
123102;2541
133647;2534
133695;2532
134602;2531
134671;2530
144618;2526
149947;2522
153648;2521
162316;2519
166256;2517
220261;2515
248411;2514
249291;2512
261199;2504
288460;2503
