6;7146
10;7029
13;7007
24;6993
32;6918
36;6914
40;6868
51;6858
60;6830
63;6748
82;6731
86;6671
99;6654
102;6644
106;6638
109;6622
113;6558
120;6530
128;6516
132;6511
136;6443
140;6423
147;6407
157;6325
167;6303
180;6265
183;6256
186;6243
190;6224
193;6195
199;6165
202;6113
209;6074
218;6058
222;6040
225;5974
238;5934
248;5878
273;5846
276;5837
286;5832
289;5830
292;5817
295;5798
298;5757
314;5750
317;5706
324;5701
334;5693
343;5659
349;5618
359;5617
362;5609
374;5597
384;5596
387;5542
403;5530
416;5507
419;5506
422;5484
432;5473
445;5430
454;5427
461;5415
470;5397
477;5369
494;5350
501;5322
518;5320
522;5301
550;5299
557;5281
560;5271
563;5265
567;5259
573;5256
580;5216
597;5182
600;5131
611;5123
633;5110
636;5096
643;5075
655;5067
662;5051
665;5030
687;5015
698;5012
701;5002
708;4990
711;4974
730;4967
736;4956
746;4945
749;4936
762;4924
775;4896
791;4884
798;4878
809;4868
828;4857
831;4842
851;4837
866;4828
870;4824
880;4818
883;4805
890;4804
893;4783
909;4771
932;4768
943;4744
959;4741
971;4732
985;4731
998;4725
1001;4714
1017;4710
1020;4705
1030;4700
1041;4689
1055;4676
1062;4671
1075;4668
1082;4664
1085;4659
1097;4656
1106;4655
1110;4646
1129;4642
1142;4637
1148;4634
1151;4629
1164;4612
1186;4608
1203;4598
1219;4597
1226;4594
1229;4590
1233;4585
1236;4584
1239;4582
1243;4579
1249;4556
1271;4552
1294;4550
1300;4544
1303;4543
1316;4535
1332;4534
1338;4525
1345;4518
1361;4517
1370;4513
1380;4509
1386;4501
1392;4493
1399;4492
1405;4485
1414;4457
1457;4453
1470;4442
1489;4436
1495;4433
1507;4430
1523;4426
1541;4424
1551;4423
1554;4419
1558;4416
1564;4412
1573;4405
1593;4404
1596;4395
1621;4386
1624;4383
1643;4378
1649;4375
1674;4372
1681;4362
1706;4351
1757;4347
1764;4344
1770;4335
1789;4330
1796;4322
1826;4312
1845;4306
1855;4302
1861;4297
1874;4295
1877;4289
1890;4284
1896;4277
1915;4270
1943;4269
1946;4266
1949;4264
1974;4260
1978;4255
1981;4252
1994;4250
2000;4249
2018;4245
2022;4236
2031;4233
2043;4231
2059;4228
2065;4225
2071;4222
2093;4220
2103;4205
2155;4202
2161;4196
2177;4195
2191;4194
2209;4190
2215;4188
2236;4184
2245;4182
2264;4179
2271;4177
2277;4173
2287;4172
2296;4168
2299;4163
2309;4161
2313;4155
2319;4151
2341;4149
2347;4145
2357;4143
2363;4130
2381;4129
2391;4119
2397;4111
2407;4095
2435;4094
2438;4090
2442;4080
2448;4074
2480;4063
2483;4062
2487;4056
2521;4048
2540;4044
2553;4043
2563;4040
2572;4029
2601;4011
2619;4003
2632;3988
2662;3983
2665;3974
2678;3970
2684;3968
2687;3965
2697;3961
2713;3959
2729;3954
2732;3948
2745;3946
2748;3943
2761;3939
2767;3935
2773;3934
2786;3925
2799;3923
2802;3916
2820;3909
2839;3903
2875;3899
2887;3898
2894;3897
2897;3896
2903;3895
2906;3889
2944;3886
2947;3878
2957;3877
2977;3876
3004;3873
3015;3872
3023;3861
3036;3856
3074;3854
3087;3849
3112;3839
3138;3836
3144;3826
3154;3824
3167;3822
3174;3814
3228;3802
3241;3801
3245;3798
3261;3793
3271;3791
3284;3785
3301;3780
3310;3776
3313;3775
3329;3773
3335;3769
3351;3765
3374;3763
3385;3758
3406;3756
3415;3755
3418;3753
3424;3748
3431;3745
3440;3743
3450;3739
3453;3738
3462;3733
3466;3732
3475;3728
3489;3722
3495;3715
3506;3713
3524;3712
3546;3707
3553;3703
3563;3701
3582;3700
3601;3695
3628;3689
3656;3686
3669;3685
3680;3677
3700;3670
3732;3669
3735;3667
3739;3663
3783;3659
3814;3653
3836;3648
3846;3644
3864;3640
3891;3636
3915;3626
3918;3624
3956;3616
3988;3615
3991;3613
4003;3612
4017;3610
4020;3602
4023;3601
4054;3600
4064;3592
4070;3591
4073;3590
4079;3585
4082;3582
4133;3581
4136;3580
4151;3579
4154;3578
4163;3576
4176;3575
4182;3573
4224;3568
4236;3566
4281;3561
4309;3560
4344;3555
4379;3552
4408;3551
4414;3548
4429;3546
4439;3542
4451;3539
4480;3537
4493;3534
4497;3528
4573;3526
4589;3522
4648;3518
4670;3516
4683;3515
4705;3514
4717;3512
4720;3511
4740;3509
4768;3504
4804;3496
4831;3486
4847;3480
4891;3476
4894;3471
4926;3470
4936;3467
4977;3464
4993;3463
5012;3462
5029;3457
5039;3455
5056;3453
5077;3441
5105;3439
5137;3437
5181;3436
5203;3435
5231;3432
5247;3428
5254;3427
5297;3426
5313;3418
5351;3416
5380;3415
5395;3411
5437;3410
5460;3408
5472;3407
5488;3406
5491;3399
5512;3398
5529;3396
5557;3394
5564;3392
5574;3391
5577;3389
5592;3388
5607;3384
5614;3380
5617;3379
5620;3377
5636;3376
5665;3375
5688;3374
5691;3368
5741;3366
5750;3363
5756;3356
5769;3354
5778;3352
5784;3349
5835;3348
5842;3347
5845;3346
5848;3343
5867;3339
5912;3336
5949;3334
5964;3328
5977;3323
6052;3313
6109;3311
6116;3310
6119;3307
6126;3306
6140;3301
6162;3298
6187;3293
6211;3292
6236;3290
6240;3286
6250;3285
6259;3284
6296;3282
6313;3281
6319;3278
6343;3277
6349;3274
6368;3268
6421;3262
6443;3261
6465;3253
6524;3252
6554;3250
6573;3249
6579;3248
6604;3247
6610;3246
6632;3241
6638;3234
6688;3232
6701;3228
6717;3225
6750;3221
6759;3219
6765;3217
6768;3215
6784;3208
6809;3205
6873;3203
6920;3201
6923;3200
6960;3195
6963;3194
6973;3191
6979;3189
7062;3185
7124;3182
7131;3180
7183;3179
7186;3177
7189;3176
7218;3175
7228;3169
7281;3165
7318;3160
7356;3159
7430;3158
7436;3155
7466;3154
7479;3153
7485;3152
7508;3149
7532;3145
7563;3139
7595;3135
7619;3132
7675;3131
7690;3129
7705;3125
7733;3122
7766;3113
7769;3111
7827;3103
7912;3100
7925;3095
7959;3091
7984;3088
7996;3087
7999;3086
8059;3085
8156;3084
8239;3083
8242;3078
8332;3075
8345;3071
8384;3070
8390;3067
8417;3063
8465;3053
8509;3047
8533;3045
8540;3044
8544;3042
8573;3036
8580;3034
8789;3032
8796;3029
8815;3028
8821;3023
8869;3016
8894;3015
8907;3011
8957;3010
9004;3000
9069;2999
9196;2998
9213;2997
9229;2994
9252;2992
9255;2991
9330;2989
9390;2988
9412;2987
9430;2983
9498;2980
9529;2975
9607;2973
9688;2970
9753;2969
9806;2968
9840;2967
9903;2966
9914;2965
9928;2962
9954;2961
9973;2960
9983;2957
9989;2952
10091;2949
10104;2948
10133;2947
10176;2943
10212;2942
10234;2939
10299;2932
10407;2930
10456;2928
10484;2925
10493;2923
10517;2922
10527;2920
10530;2918
10534;2914
10561;2910
10591;2906
10610;2905
10619;2904
10622;2900
10628;2899
10676;2894
10683;2892
10714;2886
10750;2883
10812;2882
10879;2880
10893;2879
10907;2875
10916;2874
10945;2873
10998;2872
11010;2870
11044;2868
11047;2867
11050;2866
11114;2862
11170;2859
11225;2855
11257;2851
11292;2850
11320;2849
11324;2843
11375;2842
11390;2837
11461;2834
11569;2832
11653;2831
11700;2830
11729;2824
11768;2822
11828;2821
11906;2819
11934;2818
11947;2817
11959;2816
12003;2814
12077;2812
12087;2811
12099;2809
12105;2808
12157;2807
12217;2806
12280;2805
12295;2804
12341;2803
12426;2801
12458;2799
12476;2798
12710;2791
13125;2781
13173;2780
13197;2775
13264;2774
13447;2770
13499;2768
13645;2766
13675;2764
13694;2761
13768;2760
13808;2758
13864;2757
14063;2755
14229;2753
14357;2747
14495;2746
14834;2744
15122;2735
15622;2733
15644;2730
15675;2728
15694;2726
15731;2724
15757;2721
15760;2719
16104;2717
16171;2714
16178;2712
16729;2702
17204;2700
17832;2697
17998;2696
18072;2694
18310;2686
18468;2684
18518;2683
18780;2679
18867;2670
18966;2667
20061;2658
21069;2654
21409;2652
22551;2648
22777;2647
22820;2645
22891;2644
22950;2641
23048;2637
24082;2636
24174;2633
25051;2632
25105;2630
25174;2629
25482;2628
25787;2627
25808;2622
25860;2621
25875;2613
25903;2612
26805;2603
27490;2602
27660;2601
27673;2596
27757;2595
28731;2594
29169;2591
31026;2589
31233;2586
31663;2585
32089;2584
34765;2583
37018;2582
39230;2577
39239;2575
39642;2569
39692;2568
40116;2566
40528;2564
41406;2562
41848;2554
42642;2553
43482;2549
43494;2545
44097;2544
45826;2543
46781;2542
63048;2533
63877;2531
64815;2530
66420;2529
69226;2528
91259;2527
103456;2525
114100;2524
114759;2522
118757;2521
145417;2519
183977;2511
260985;2509
328136;2501
334381;2500
336161;2499
