32;7216
49;7172
65;7152
96;7096
112;7078
127;7071
143;7038
174;7009
190;6975
267;6961
283;6884
375;6771
508;6747
539;6664
627;6597
714;6596
809;6573
824;6518
871;6491
916;6470
931;6454
946;6401
976;6379
992;6322
1052;6275
1129;6258
1145;6248
1163;6232
1197;6179
1242;6169
1272;6168
1287;6131
1333;6126
1348;6117
1363;6091
1406;6089
1421;6024
1451;6022
1465;6000
1496;5995
1511;5986
1526;5984
1556;5960
1572;5958
1587;5942
1620;5913
1664;5884
1679;5883
1695;5852
1756;5839
1771;5830
1786;5826
1804;5810
1823;5805
1854;5784
1914;5782
1943;5779
1958;5763
1973;5759
1988;5758
2002;5755
2017;5740
2047;5719
2090;5715
2105;5712
2120;5704
2134;5693
2164;5686
2178;5653
2239;5628
2299;5618
2328;5600
2358;5595
2373;5586
2388;5584
2447;5583
2477;5571
2508;5570
2523;5569
2554;5568
2570;5563
2631;5562
2646;5554
2741;5549
2786;5548
2802;5547
2833;5541
2864;5534
2911;5528
2956;5526
2971;5517
3015;5510
3059;5508
3089;5507
3190;5500
3286;5498
3330;5497
3432;5489
3446;5485
3476;5482
3491;5475
3588;5474
3607;5473
3638;5471
3653;5450
3819;5427
3893;5420
3907;5415
4011;5414
4026;5412
4055;5403
4130;5396
4160;5394
4175;5390
4225;5384
4271;5383
4331;5382
4361;5381
4391;5380
4467;5370
4512;5369
4557;5363
4572;5362
4602;5361
4617;5350
4632;5341
4647;5339
4677;5338
4692;5337
4722;5335
4737;5333
4782;5332
4796;5326
4826;5324
4871;5322
4886;5305
4916;5300
4946;5299
5004;5298
5019;5297
5034;5292
5152;5290
5196;5283
5226;5280
5271;5277
5344;5276
5359;5271
5374;5270
5464;5269
5508;5267
5537;5266
5552;5264
5671;5262
5769;5256
5849;5255
5880;5250
5910;5248
5954;5247
5969;5244
5983;5241
5998;5240
6013;5230
6057;5227
6086;5221
6101;5211
6144;5207
6195;5197
6214;5193
6289;5186
6362;5184
6417;5178
6446;5172
6461;5162
6553;5161
6583;5154
6665;5151
6695;5150
6710;5149
6790;5147
6837;5144
6853;5143
6929;5141
6944;5140
6974;5138
6990;5131
7020;5129
7065;5127
7098;5120
7116;5117
7212;5115
7241;5111
7315;5109
7330;5103
7374;5093
7629;5090
7643;5087
7658;5085
7712;5083
7983;5078
8175;5077
8190;5075
8333;5067
8348;5066
8422;5065
8437;5058
8468;5046
8528;5045
8630;5040
8644;5038
8717;5033
8910;5026
8970;5019
8984;5018
8999;5007
9044;5000
9135;4993
9237;4989
9281;4988
9414;4985
9531;4984
9575;4975
9619;4972
9664;4969
9829;4961
9889;4959
9919;4954
10156;4949
10186;4948
10215;4947
10274;4943
10303;4942
10332;4938
10362;4937
10436;4935
10470;4930
10828;4913
11023;4905
11215;4900
11318;4887
11332;4883
11390;4878
11478;4877
11521;4876
11565;4875
11594;4862
11638;4861
11668;4858
11712;4856
12146;4853
12160;4852
12234;4851
12339;4850
12829;4842
12902;4840
13052;4835
13083;4834
13232;4824
13276;4821
13320;4814
13335;4811
13350;4809
13394;4808
13438;4803
13528;4799
13615;4787
13718;4784
13775;4783
13819;4782
13849;4779
13921;4777
13951;4770
14009;4769
14053;4765
14452;4763
14587;4762
14646;4760
14720;4755
14816;4750
14969;4749
14998;4748
15027;4747
15041;4746
15205;4743
15401;4735
15505;4732
15652;4731
15755;4725
15828;4724
15858;4723
15975;4718
16048;4717
16092;4716
16129;4715
16147;4709
16164;4705
16209;4700
16270;4699
16285;4698
16300;4690
16360;4688
16836;4675
16954;4673
16984;4670
17072;4659
17145;4657
17191;4655
17206;4653
17252;4650
17331;4649
17515;4644
17623;4642
17756;4627
17888;4621
17947;4620
18226;4612
18270;4611
18300;4610
18391;4608
18406;4607
18421;4606
18466;4596
18510;4593
18525;4586
18584;4582
18599;4581
18629;4573
18690;4559
18751;4557
18766;4556
18796;4554
18811;4553
18841;4550
18931;4549
18946;4546
19051;4543
19427;4541
19729;4538
19992;4533
20411;4524
20574;4523
20735;4513
20751;4509
20765;4507
20795;4506
21029;4498
21440;4497
21664;4495
21737;4494
21811;4491
21855;4482
21915;4481
21930;4473
21946;4472
21976;4469
21991;4458
22006;4455
22152;4452
22168;4451
22197;4447
22241;4444
22293;4441
22579;4435
22728;4433
22787;4428
22890;4425
22926;4421
22976;4418
23620;4413
24058;4404
24344;4401
24404;4400
24686;4396
24717;4393
24737;4392
24782;4390
25042;4388
25168;4387
25212;4385
25227;4383
25286;4381
25346;4380
25391;4378
25451;4376
25544;4373
25559;4371
25619;4370
26094;4369
26226;4360
26345;4356
26433;4349
26448;4344
26478;4340
26601;4333
26634;4332
27054;4330
27129;4318
27344;4316
27397;4315
27674;4309
27719;4308
27820;4307
28006;4306
28154;4305
28753;4304
28797;4302
28933;4301
28966;4299
29012;4296
29086;4295
29431;4290
29566;4288
30352;4287
30414;4286
30476;4284
30688;4283
30973;4282
31097;4281
31146;4280
31164;4278
31205;4266
31227;4264
31356;4260
31376;4259
31393;4254
31432;4253
31451;4251
31527;4249
31626;4248
31731;4239
31752;4238
31788;4235
31987;4233
32083;4228
32098;4227
32112;4224
32376;4220
32466;4216
32629;4215
32719;4213
32749;4209
32780;4207
32855;4205
33270;4196
33437;4190
33553;4188
33857;4186
33935;4184
34208;4181
34605;4180
34841;4177
34916;4176
34990;4167
35020;4166
35117;4162
35272;4160
35412;4155
35427;4151
35459;4149
35535;4144
35718;4143
35825;4142
35902;4139
36038;4136
36099;4134
36158;4132
36250;4131
36266;4127
36330;4124
36677;4119
36708;4116
37480;4114
37649;4113
37710;4111
38257;4102
38364;4101
38441;4093
38456;4091
38594;4089
38655;4088
38839;4087
39014;4086
39317;4078
39469;4077
39593;4076
39750;4072
39802;4071
39837;4070
40250;4062
40297;4060
40436;4056
40656;4054
40887;4052
41100;4050
41223;4046
41356;4044
41734;4043
41858;4034
41888;4032
41936;4031
42132;4030
42567;4028
42583;4021
42802;4020
42832;4019
42975;4018
43113;4017
43167;4016
43197;4015
43281;4012
43328;4009
43344;4008
43359;4007
43406;4006
43619;4005
43749;4003
43813;4002
43828;4000
43876;3999
43907;3997
43922;3996
43937;3995
43998;3994
44029;3992
44735;3991
45701;3989
46396;3988
46569;3981
46687;3980
46736;3979
47377;3977
47763;3976
48422;3965
48438;3962
49083;3953
49162;3952
49254;3951
49284;3950
49300;3949
49391;3948
49438;3947
49469;3945
49484;3942
49499;3935
49529;3934
49636;3930
49774;3927
49790;3926
49851;3925
49867;3924
49942;3920
49972;3919
49988;3918
50003;3916
50050;3912
50084;3910
50149;3908
50210;3907
50745;3906
50851;3900
50989;3898
51050;3897
51081;3896
51225;3893
51423;3892
51455;3891
51534;3890
51736;3889
52092;3885
52161;3884
52540;3882
53117;3881
53147;3879
53162;3878
54002;3876
54092;3874
54167;3873
54183;3872
54260;3871
54409;3868
54516;3867
54531;3865
54733;3857
54764;3855
54948;3854
54964;3853
55282;3850
55372;3849
55433;3846
55494;3841
55539;3840
55602;3833
55737;3832
55802;3821
55981;3819
56112;3818
56201;3817
56244;3815
56513;3814
57264;3812
57598;3811
57689;3807
57886;3803
58008;3802
58810;3800
58900;3798
59660;3797
59744;3796
59823;3794
59903;3793
59979;3792
60010;3791
60695;3787
60710;3785
60978;3784
61008;3782
61150;3781
61196;3778
61687;3774
61889;3771
62799;3769
63593;3767
64744;3765
65109;3764
65125;3763
65267;3762
65358;3761
65374;3760
65675;3758
66878;3754
67135;3751
67731;3750
68864;3748
69185;3746
69200;3744
69292;3743
69810;3742
70306;3741
71376;3734
71542;3729
72216;3728
72961;3726
73454;3725
73768;3722
73814;3721
73860;3720
74019;3709
74087;3708
74428;3701
74443;3699
74458;3698
74474;3697
74570;3688
74605;3687
75099;3676
75159;3675
75294;3670
75429;3668
75489;3667
76080;3661
76928;3651
77354;3650
77987;3640
78445;3639
78795;3638
79154;3637
79958;3627
80227;3623
80665;3621
81340;3616
82689;3612
82823;3611
83116;3610
83971;3605
84032;3603
84283;3599
84389;3594
84626;3593
84729;3592
85069;3591
85357;3590
85402;3589
86150;3582
86545;3579
89412;3578
89623;3576
89683;3575
90069;3574
90515;3573
91175;3567
91264;3564
91415;3562
91779;3561
91855;3559
91915;3556
91973;3554
92046;3553
92782;3552
92812;3551
93903;3550
94830;3545
96698;3542
96897;3541
98601;3540
100168;3536
100993;3525
101445;3524
102810;3516
104236;3515
104871;3511
105034;3510
105226;3509
105591;3508
106543;3507
106725;3503
106815;3502
107673;3501
109032;3495
111528;3494
111956;3493
111990;3492
113495;3490
113884;3488
113943;3478
114405;3477
114435;3475
116357;3468
119682;3467
120045;3466
120120;3465
121377;3463
122355;3460
123226;3452
123577;3451
123696;3445
124192;3444
125064;3434
125262;3429
125277;3426
125308;3418
125751;3416
125817;3414
128198;3408
130087;3389
131214;3386
132204;3382
135045;3381
135089;3378
138833;3375
142891;3366
143909;3360
144028;3358
145139;3357
145278;3350
145341;3349
148583;3341
148832;3339
149048;3338
149093;3335
149197;3334
150491;3329
151993;3328
152818;3327
154123;3326
154227;3318
154436;3317
156361;3316
156406;3314
156666;3310
156810;3309
156856;3307
156872;3306
157549;3304
160413;3303
161344;3299
162707;3298
164131;3297
164921;3296
166604;3291
169200;3283
170512;3278
170757;3274
179179;3273
182516;3272
185026;3267
185219;3266
186085;3265
186616;3264
187378;3263
189588;3257
190431;3256
190466;3254
190497;3248
190787;3246
190802;3245
191646;3242
192093;3241
193350;3239
194320;3237
194510;3233
194540;3232
196735;3231
199244;3221
200215;3217
203245;3215
204531;3213
205513;3211
205803;3210
207427;3207
210116;3206
213473;3202
213534;3201
214110;3200
214578;3199
217571;3198
219528;3197
220235;3191
221085;3189
221590;3182
223850;3177
224420;3172
224435;3169
224465;3168
224582;3160
224901;3159
226759;3158
231901;3153
232351;3144
232776;3143
238614;3142
238880;3137
238941;3136
239054;3133
240602;3131
240769;3130
242912;3127
243134;3126
243208;3121
244979;3115
249406;3113
252230;3112
252557;3111
253611;3109
257345;3108
257586;3107
257779;3106
261808;3105
261882;3104
263029;3099
263658;3098
263718;3096
264329;3087
264875;3086
270404;3085
276352;3083
282053;3081
282870;3078
284868;3069
289428;3067
296144;3064
299393;3062
299900;3061
299948;3059
300261;3058
300546;3052
300638;3050
300669;3049
303599;3047
309145;3046
312351;3040
321993;3031
322127;3030
327381;3028
330154;3026
334447;3024
337817;3023
340344;3015
340480;3011
341706;3001
347354;2999
351899;2997
