403
330
343
262
24
54
171
79
353
99
389
187
162
48
328
272
356
331
378
266
183
172
26
261
123
53
354
346
372
278
224
97
387
349
214
43
384
37
204
174
185
124
339
213
28
399
188
173
218
9
95
10
337
217
67
136
333
168
252
371
357
358
237
344
336
292
329
159
323
216
200
283
8
242
70
129
228
211
44
209
21
304
394
14
69
316
351
350
177
109
326
147
220
197
105
226
156
19
198
221
199
295
142
117
231
243
291
379
169
401
115
94
240
219
47
232
41
55
101
1
311
271
257
202
297
111
369
90
72
57
23
393
190
390
251
113
83
193
250
137
289
58
277
125
60
206
29
158
175
87
302
92
146
320
241
112
181
342
140
148
104
145
52
38
212
375
191
184
0
400
126
40
352
195
325
285
282
88
62
13
270
381
367
75
308
260
85
133
269
30
238
347
39
164
3
132
306
319
186
396
281
77
138
398
268
16
391
258
314
59
155
143
114
91
340
222
182
194
280
279
246
153
310
305
135
127
192
338
81
25
131
267
293
244
152
76
189
366
321
362
230
207
33
376
245
312
35
229
161
239
80
385
167
36
141
103
5
196
45
116
264
274
370
322
395
364
66
273
61
317
361
51
74
360
96
254
223
318
118
265
134
288
276
259
178
100
106
359
301
249
332
296
176
31
50
56
383
84
313
20
355
73
149
49
215
170
334
286
32
324
144
93
203
335
27
263
234
179
368
180
165
110
42
201
89
22
397
17
12
236
98
64
303
71
108
256
275
210
402
287
107
386
2
327
102
235
121
154
157
284
65
78
382
205
315
130
253
166
300
341
373
377
160
365
68
208
345
299
298
63
18
307
7
6
128
255
151
225
150
34
248
294
46
139
4
309
388
348
290
374
363
86
11
233
380
163
15
122
119
82
247
120
392
227
330
