403
365
218
203
66
273
317
163
3
19
71
164
25
11
59
310
305
296
127
131
319
82
249
162
43
318
89
392
247
122
119
400
235
121
375
191
217
197
329
294
370
322
31
354
321
362
79
14
232
286
307
143
62
78
226
399
377
42
266
213
148
390
133
269
355
52
341
336
64
200
224
110
95
10
18
262
261
287
306
216
346
230
275
325
181
342
398
128
351
357
103
193
220
166
67
161
240
219
316
361
51
259
397
394
183
17
88
69
245
174
250
87
221
199
60
288
130
157
1
135
280
246
124
222
185
74
214
241
112
327
208
139
271
257
285
0
32
328
293
254
223
73
186
53
248
12
177
108
255
140
340
238
229
38
98
81
22
263
195
324
279
176
258
172
26
50
56
65
152
76
178
100
44
308
5
244
80
225
335
33
364
401
309
333
267
202
345
173
137
212
58
8
168
207
282
107
251
358
386
61
281
123
192
338
134
291
315
132
243
253
252
48
2
326
147
194
330
295
99
300
91
376
68
149
347
159
20
311
303
129
190
154
102
237
30
142
117
234
228
297
180
165
97
276
49
215
6
93
84
395
171
63
372
356
47
175
231
205
289
150
384
371
272
28
360
179
368
313
7
242
70
385
104
145
188
299
298
141
116
265
138
198
201
118
29
90
72
196
45
312
35
304
169
27
21
158
339
396
350
167
54
85
260
283
277
352
86
334
239
389
332
37
36
106
359
373
170
284
348
290
126
55
114
353
182
113
83
374
363
379
160
15
136
236
227
381
92
146
144
268
16
382
320
206
184
4
388
109
302
383
349
344
77
264
274
46
367
75
314
40
39
153
278
57
24
13
402
155
378
337
331
323
211
270
156
210
301
256
209
41
115
189
23
393
387
9
34
233
380
204
111
369
187
151
101
96
94
366
292
343
125
105
391
120
365
