171
123
101
89
88
153
84
2
7
8
9
152
151
159
32
156
45
59
66
65
154
97
165
132
3
4
5
111
166
71
51
52
53
47
49
170
133
169
81
80
72
19
21
22
15
150
160
161
147
128
102
103
100
114
38
39
40
1
117
163
90
87
44
46
73
164
127
126
143
14
13
42
58
57
64
56
27
24
25
26
23
20
37
107
98
91
86
93
92
85
60
82
79
112
136
135
138
139
140
142
149
148
137
134
141
6
74
12
18
29
30
34
48
167
70
94
96
99
95
106
105
35
157
158
36
155
41
33
31
28
16
17
43
55
54
168
78
146
145
144
131
113
115
104
83
11
10
76
75
125
121
124
129
130
108
67
63
62
61
68
69
50
77
0
110
109
116
118
119
120
122
162
123
