171
63
64
56
53
170
1
0
3
5
169
112
113
115
114
7
9
58
57
69
166
107
105
165
163
99
100
102
103
124
129
135
141
134
131
111
106
97
98
95
87
85
20
158
36
41
155
156
47
48
126
136
137
147
25
26
23
22
168
71
60
50
51
61
65
138
139
140
149
148
150
27
28
161
116
117
119
132
133
6
8
38
35
157
33
31
15
159
16
21
17
32
42
54
59
4
142
143
144
80
79
82
74
29
30
34
40
77
164
130
108
89
90
104
110
109
93
92
91
94
96
101
123
121
146
145
154
88
153
86
84
73
2
152
151
160
14
19
39
46
52
43
44
127
118
120
122
162
83
49
37
75
10
76
24
13
11
12
18
45
55
62
167
70
125
128
81
78
72
68
67
66
63
