171
31
34
35
43
54
61
66
63
57
62
56
55
42
45
44
170
1
2
3
142
143
136
129
137
138
135
139
134
113
164
127
125
128
126
109
167
70
86
85
38
39
40
156
46
50
49
37
11
18
168
78
82
81
149
148
147
130
131
112
132
133
0
80
79
72
67
65
64
58
59
20
32
36
68
69
71
74
75
12
24
15
159
16
158
157
47
48
73
115
116
118
102
124
146
7
10
76
19
22
23
26
27
28
25
151
14
13
33
41
155
77
4
5
169
166
93
92
96
101
100
103
83
84
104
114
108
60
51
52
53
110
107
105
97
117
119
145
144
140
141
6
160
150
161
152
9
111
106
88
153
87
91
94
165
163
99
95
154
89
90
98
162
123
122
120
121
8
17
21
29
30
31
