171
151
14
13
21
29
20
32
36
124
121
130
1
39
45
44
47
110
109
166
154
90
91
105
100
101
102
163
153
50
38
34
35
157
33
156
40
46
48
49
72
78
73
170
75
10
76
74
150
160
141
131
164
136
147
148
149
137
116
117
119
120
104
114
108
83
84
69
66
88
96
97
165
107
106
162
122
123
98
89
65
56
62
167
70
3
143
139
140
15
19
168
82
79
135
138
8
9
4
5
169
77
2
112
127
126
129
128
7
159
158
31
28
23
26
27
30
55
54
57
61
67
87
86
71
51
52
53
118
103
99
95
94
92
93
37
11
12
18
113
125
146
145
144
115
63
64
58
59
60
68
85
43
42
155
41
22
16
17
24
25
161
142
134
111
0
81
80
132
133
6
152
151
