403
400
207
45
15
239
70
392
218
4
359
187
88
62
351
317
232
89
114
148
33
165
263
175
291
36
302
254
87
312
273
61
296
278
297
304
197
104
384
365
24
289
151
292
5
252
282
370
274
357
328
164
3
19
152
7
11
101
155
225
211
105
46
402
220
215
233
121
31
309
153
310
240
63
337
108
255
329
294
191
160
271
272
399
125
283
93
345
42
245
132
366
166
199
398
174
223
130
311
6
361
51
261
73
161
158
90
28
376
234
348
288
210
193
185
157
284
343
244
250
241
322
44
246
74
344
316
67
29
364
401
52
377
78
226
147
231
204
332
173
216
200
224
209
253
40
123
53
115
184
103
394
307
41
374
8
319
202
318
298
326
390
171
388
12
194
380
379
176
386
342
198
251
112
100
324
144
208
347
222
26
60
98
91
79
96
86
393
248
243
140
269
339
85
49
299
383
142
117
267
258
149
0
81
190
360
188
276
1
133
128
228
336
321
102
260
37
13
249
320
141
116
77
169
162
354
373
367
97
378
110
330
259
109
286
143
369
163
16
358
154
170
32
281
301
120
27
66
167
80
21
237
106
262
203
349
186
396
54
135
325
43
25
355
126
178
156
65
35
159
59
94
127
333
39
387
34
295
397
264
219
227
212
38
327
182
280
131
266
129
389
235
391
381
372
356
395
181
346
314
340
18
221
84
293
139
368
287
257
217
230
382
279
335
10
55
92
146
180
265
315
111
48
47
270
83
172
290
58
277
352
150
196
23
69
183
17
205
82
247
256
56
375
371
107
275
137
362
134
136
350
238
76
22
14
353
99
9
331
323
57
95
189
213
72
195
206
30
68
64
229
268
303
122
177
113
2
138
124
168
385
145
338
179
334
71
313
20
341
50
306
305
363
308
285
214
192
242
300
236
201
118
75
119
400
