403
303
266
111
369
192
338
373
355
216
346
251
274
281
97
304
132
243
12
178
275
325
221
374
356
19
297
307
340
188
299
259
87
230
382
320
387
203
295
195
147
164
365
155
143
11
48
44
109
152
14
174
185
126
184
4
8
400
312
35
254
223
183
17
279
142
34
347
119
52
78
226
210
367
75
388
348
3
2
397
260
337
236
99
67
94
314
76
213
278
57
104
389
187
93
161
234
246
117
10
253
16
381
108
315
58
211
121
98
313
20
69
181
378
224
265
149
146
212
127
131
140
354
200
18
124
334
68
167
130
92
106
359
401
73
208
136
328
257
77
100
227
235
113
293
43
145
383
384
162
399
198
141
116
237
42
372
41
89
15
402
64
85
394
123
371
395
157
339
316
256
220
197
360
305
37
232
171
268
261
302
342
207
45
158
269
30
245
239
229
393
308
5
110
326
156
289
283
277
341
190
138
398
396
357
280
170
271
327
366
292
331
323
115
286
74
214
79
353
86
129
361
51
349
168
252
53
29
194
324
144
175
63
128
351
46
150
137
54
262
209
28
0
32
322
120
392
228
23
225
133
1
71
163
25
95
27
101
153
310
6
333
217
9
24
33
65
182
241
112
47
38
169
287
272
363
385
199
82
247
249
204
91
165
102
244
80
55
263
166
300
50
56
231
306
319
193
218
84
370
380
379
285
377
105
391
205
362
264
358
317
311
39
206
267
350
242
70
336
321
180
376
335
352
90
72
122
40
103
276
49
186
238
298
291
301
255
13
390
177
201
118
59
284
290
375
191
222
250
296
88
62
36
332
215
160
135
270
154
233
330
329
294
172
26
202
134
288
179
368
151
189
176
31
309
81
22
21
318
345
173
344
125
273
107
61
196
114
96
66
60
159
7
148
258
139
282
83
248
343
240
219
386
364
303
