403
306
344
167
54
150
374
363
379
178
138
297
159
7
222
250
137
95
10
241
322
237
115
189
331
323
6
142
180
165
106
359
376
304
260
104
203
158
163
365
217
84
370
228
398
53
213
356
391
154
32
274
107
226
325
23
14
231
205
125
60
227
144
103
312
26
87
153
75
287
350
171
63
253
80
55
22
21
127
192
385
43
384
285
211
330
343
111
369
58
8
168
124
269
149
276
49
321
362
366
292
290
141
225
155
143
11
101
263
92
51
109
326
258
283
277
194
380
204
160
116
177
234
79
69
164
3
78
382
320
402
133
252
191
399
122
119
309
316
120
392
70
345
37
249
102
35
239
199
190
31
354
200
266
129
128
351
281
301
256
36
265
243
289
313
20
148
221
64
15
251
257
86
305
296
295
152
76
393
196
282
317
82
247
136
83
93
197
229
332
273
186
396
386
275
210
172
179
368
68
110
33
340
245
207
45
264
112
47
378
337
50
56
206
30
169
271
262
233
324
381
42
360
96
66
259
388
348
329
161
184
0
130
85
170
311
27
131
195
121
328
272
71
123
105
98
220
9
67
338
24
13
288
294
357
341
361
146
212
126
224
372
41
91
278
377
151
310
216
1
157
307
334
176
156
347
352
38
270
219
2
61
327
135
390
175
218
145
72
57
77
147
387
349
182
230
113
293
335
364
303
18
308
5
291
315
336
286
74
29
236
140
238
173
400
99
389
373
246
183
17
139
4
248
279
375
371
46
209
28
59
244
268
16
358
395
193
342
198
302
118
284
215
319
202
90
65
181
346
114
353
232
261
108
255
188
299
298
401
73
318
383
34
97
235
280
12
254
223
214
208
367
94
397
394
242
117
39
314
201
89
355
52
40
132
100
44
174
185
88
62
240
333
267
81
25
339
187
162
48
19
166
300
134
306
