403
53
372
363
379
169
27
340
104
207
45
189
95
176
156
218
84
317
133
58
8
168
85
221
300
76
1
40
352
124
284
290
43
164
25
286
215
52
140
334
68
375
371
107
283
277
341
24
160
15
248
348
62
54
367
75
125
273
370
330
161
253
80
399
377
190
100
98
108
249
326
390
333
88
69
32
358
293
139
254
223
214
238
385
67
304
5
349
6
387
384
149
51
259
106
165
308
260
318
72
224
79
344
252
244
206
30
301
255
211
212
196
0
241
112
275
258
155
7
178
138
198
222
86
101
339
99
129
285
232
3
240
219
47
113
335
55
302
118
266
397
35
235
121
2
46
126
10
157
93
392
256
246
262
261
231
205
204
180
376
245
82
247
91
216
342
337
217
9
34
265
311
263
388
343
374
41
269
267
83
209
28
114
57
345
37
13
306
73
103
394
14
225
234
228
127
396
257
184
282
128
120
105
210
136
386
272
220
197
298
279
268
16
357
19
202
319
77
230
314
59
29
131
355
123
192
94
181
346
90
398
17
142
135
270
151
11
353
39
87
229
309
158
195
280
12
174
81
22
21
366
292
329
179
368
162
132
243
331
323
115
159
191
163
264
274
153
143
48
92
347
177
250
213
356
328
281
137
36
102
134
288
227
144
208
276
49
74
130
65
23
393
193
185
141
116
33
359
175
291
362
194
380
315
171
63
18
64
365
251
166
199
361
146
320
183
42
152
310
354
200
239
117
233
324
400
336
321
389
187
172
26
236
325
150
203
201
89
148
154
167
289
312
383
145
401
305
299
188
173
111
369
170
271
395
242
70
278
364
303
297
109
182
226
31
332
296
295
402
287
61
327
38
316
351
322
391
147
50
56
237
313
378
71
78
382
381
373
4
122
119
110
294
350
360
96
66
60
44
97
307
20
338
186
53
