403
208
110
275
210
130
373
30
128
351
227
212
176
301
304
260
232
152
75
262
261
238
229
393
58
372
21
108
256
364
303
224
184
297
244
67
221
300
149
223
344
230
382
320
142
194
113
370
391
390
171
43
295
132
306
174
250
33
88
96
338
182
388
237
122
239
80
40
39
367
76
11
188
276
298
204
302
89
59
342
57
241
112
378
337
231
205
289
166
215
400
24
336
321
315
85
206
355
29
308
5
193
333
267
46
195
324
381
252
48
322
281
95
55
207
309
178
264
19
377
170
284
332
273
317
158
1
246
117
177
316
120
392
218
91
114
353
136
61
272
318
383
203
312
35
162
399
242
70
200
18
167
93
84
257
78
226
154
181
366
292
348
87
56
254
45
97
16
270
31
214
8
354
346
82
247
249
173
216
365
109
326
325
104
349
248
290
124
269
64
15
68
385
199
361
146
63
198
175
291
362
164
3
47
50
79
172
26
42
141
133
131
4
345
299
285
282
293
236
234
265
233
283
277
263
169
401
305
296
159
20
153
213
41
189
123
191
187
150
384
22
374
28
251
328
357
380
106
369
211
65
307
376
235
121
135
202
314
66
74
73
111
340
311
119
6
183
17
12
125
60
44
240
228
71
90
72
163
25
398
396
350
397
394
99
389
186
53
52
387
9
37
36
81
368
160
116
201
118
363
157
287
100
98
313
7
168
286
49
278
266
137
329
294
83
151
129
255
54
155
143
69
38
144
335
341
268
375
371
107
386
280
279
77
156
258
217
145
271
274
327
360
179
339
134
288
379
161
148
147
127
192
190
138
331
323
115
94
180
165
359
196
0
139
209
356
219
2
334
245
220
197
34
347
352
126
10
27
310
319
32
358
395
23
225
86
101
92
51
259
105
330
343
402
222
185
102
103
253
140
14
62
13
243
208
