403
226
210
50
17
12
160
15
220
129
255
92
51
153
76
371
107
43
84
272
356
108
345
276
215
309
314
159
20
263
109
275
258
186
396
327
265
100
98
135
270
63
297
170
284
279
85
260
222
302
383
199
259
106
165
311
10
201
118
206
30
364
303
235
121
154
241
112
47
19
244
80
72
122
239
70
197
295
335
254
223
115
285
282
317
193
250
301
289
237
132
243
119
214
385
300
316
256
351
169
69
245
127
192
338
125
296
349
216
200
388
329
294
23
393
253
155
7
97
183
207
0
232
261
268
332
299
298
196
45
286
231
306
176
31
178
138
57
209
28
59
340
287
395
139
4
140
101
401
52
352
88
82
247
249
184
168
360
6
308
49
60
44
93
203
373
29
208
99
389
188
173
400
164
22
39
137
54
79
96
94
86
11
105
391
217
384
89
21
136
350
142
229
225
151
48
370
358
357
328
174
185
90
355
319
397
394
202
213
278
398
123
361
347
40
312
35
64
25
102
194
330
348
290
133
337
221
67
66
273
293
157
339
175
77
144
130
372
41
353
341
180
126
55
189
131
366
292
149
146
147
58
277
230
382
320
134
219
227
205
204
110
326
150
34
368
68
141
392
367
75
27
14
161
148
390
336
53
73
402
331
378
224
304
5
24
124
1
387
9
74
344
42
33
248
343
179
190
156
325
111
359
242
117
104
145
162
307
143
334
266
262
16
305
37
234
228
198
78
318
240
288
238
177
346
114
62
13
379
172
26
246
313
323
374
363
152
310
236
211
212
264
380
315
81
365
38
291
362
103
252
191
376
377
233
324
381
218
3
322
61
46
95
271
83
158
269
195
280
333
267
257
166
283
8
354
167
36
87
56
171
128
120
116
163
321
375
399
71
32
113
251
274
386
2
281
65
181
342
18
91
369
187
182
226
