403
147
307
7
188
173
344
241
280
279
162
48
311
271
97
246
276
259
196
0
183
17
12
159
143
42
132
243
81
22
21
244
80
164
15
254
223
52
119
216
200
337
286
273
272
278
71
235
121
253
331
323
29
151
101
190
138
377
124
269
375
371
395
283
8
319
133
252
191
187
179
368
38
19
18
402
287
370
328
357
358
327
136
361
347
352
388
163
3
268
16
313
378
198
109
174
185
111
359
222
250
248
348
343
178
100
44
128
335
153
75
318
366
292
265
326
258
85
333
267
317
130
155
20
213
356
47
112
180
369
150
34
194
324
320
230
382
212
304
5
82
249
172
26
166
67
189
32
274
316
120
392
256
301
351
281
218
384
383
336
321
362
201
118
169
27
302
89
251
322
83
92
51
49
37
308
260
88
62
13
205
289
285
282
195
330
329
294
293
23
393
108
221
300
106
165
171
63
57
186
53
354
342
122
40
341
202
211
58
277
39
385
199
295
209
28
236
227
144
367
76
152
310
309
161
148
325
193
160
116
131
139
4
24
54
102
206
30
135
270
233
380
204
372
41
401
305
215
6
220
197
238
229
225
134
288
247
387
349
73
43
84
107
386
2
61
46
64
25
87
77
156
210
127
399
297
91
170
284
290
182
176
31
214
50
56
262
261
65
79
353
263
360
69
245
234
228
224
242
70
232
364
303
266
314
59
397
394
14
104
9
129
255
264
113
257
373
355
400
126
10
141
365
157
339
33
376
68
312
35
99
389
140
334
95
55
86
11
239
117
158
1
149
146
381
207
45
340
181
346
338
175
184
332
296
240
219
167
36
110
275
154
93
145
142
237
231
306
168
217
203
78
226
390
90
72
398
396
350
125
74
115
114
96
94
123
192
66
60
98
137
208
103
177
345
299
298
291
315
374
363
379
105
391
147
