403
384
65
128
33
165
32
274
233
380
204
374
356
47
112
24
54
172
26
42
133
1
105
391
147
178
138
377
159
20
123
171
63
57
64
15
373
355
52
40
263
366
321
315
104
145
110
275
154
208
186
53
73
264
358
102
87
364
303
297
314
59
130
333
267
357
328
293
253
169
27
262
261
245
222
185
179
368
68
188
299
49
296
295
90
72
122
119
309
142
221
389
195
280
12
193
196
0
183
17
279
190
100
98
167
402
287
395
209
278
71
58
8
29
155
7
78
382
212
135
270
236
227
144
312
35
194
324
320
132
243
240
219
103
235
121
360
353
352
184
251
113
317
150
84
46
153
271
327
375
371
272
28
124
284
290
388
50
56
86
11
286
60
44
182
181
346
114
96
338
157
269
158
339
125
74
319
207
45
268
16
311
285
282
83
77
156
210
164
25
248
348
343
252
191
187
141
392
120
116
241
330
329
294
281
336
292
213
363
289
304
5
109
242
117
79
166
67
189
97
238
229
393
397
260
88
69
175
385
300
239
70
149
347
39
202
254
223
214
192
94
331
323
168
91
111
369
177
276
259
93
349
305
37
13
288
247
307
143
313
378
18
140
101
95
55
136
152
310
216
342
398
396
370
322
350
387
203
237
206
30
82
249
137
36
361
146
381
316
351
283
277
341
220
197
217
9
332
215
6
162
48
134
306
400
160
365
129
126
10
246
308
394
225
232
234
228
224
265
326
390
302
89
340
201
118
218
92
51
298
291
379
345
173
344
176
31
354
200
266
301
256
127
399
198
163
22
21
244
80
131
43
34
372
41
99
199
174
250
106
376
85
335
161
148
258
23
14
62
231
205
362
108
255
230
226
325
38
19
337
211
170
334
180
359
81
3
2
386
367
75
401
115
66
273
107
61
257
139
4
151
76
318
383
384
